13.325922
13.310211
13.294549
13.278932
13.263360
13.247836
13.232353
13.216922
13.201532
13.186189
13.170891
13.155635
13.140429
13.125262
13.110145
13.095068
13.080038
13.065051
13.050107
13.035209
13.020352
13.005542
12.990772
12.976046
12.961364
12.946722
12.932124
12.917573
12.903058
12.888589
12.874163
12.859777
12.845432
12.831130
12.816869
12.802649
12.788471
12.774335
12.760238
12.746185
12.732170
12.718197
12.704263
12.690370
12.676518
12.662706
12.648932
12.635199
12.621506
12.607852
12.594234
12.580661
12.567124
12.553626
12.540169
12.526748
12.513367
12.500024
12.486720
12.473453
12.460221
12.447031
12.433878
12.420763
12.407685
12.394645
12.381640
12.368672
12.355743
12.342851
12.329993
12.317175
12.304392
12.291643
12.278932
12.266258
12.253619
12.241016
12.228448
12.215917
12.203420
12.190958
12.178532
12.166141
12.153786
12.141464
12.129176
12.116924
12.104706
12.092522
12.080373
12.068258
12.056175
12.044128
12.032114
12.020135
12.008186
11.996273
11.984393
11.972547
11.960731
11.948949
11.937201
11.925485
11.913799
11.902149
11.890531
11.878944
11.867388
11.855865
11.844375
11.832917
11.821489
11.810091
11.798727
11.787393
11.776090
11.764819
11.753578
11.742371
11.731191
11.720041
11.708924
11.697836
11.686777
11.675752
11.664756
11.653787
11.642849
11.631942
11.621064
11.610216
11.599397
11.588606
11.577846
11.567116
11.556412
11.545739
11.535094
11.524477
11.513890
11.503332
11.492801
11.482299
11.471825
11.461378
11.450960
11.440570
11.430208
11.419872
11.409567
11.399287
11.389033
11.378810
11.368609
11.358441
11.348297
11.338181
11.328091
11.318026
11.307990
11.297979
11.287996
11.278039
11.268106
11.258203
11.248323
11.238470
11.228642
11.218843
11.209069
11.199316
11.189593
11.179893
11.170218
11.160571
11.150947
11.141351
11.131774
11.122228
11.112704
11.103204
11.093729
11.084280
11.074854
11.065454
11.056077
11.046724
11.037393
11.028090
11.018808
11.009554
11.000320
10.991110
10.981923
10.972763
10.963625
10.954508
10.945416
10.936347
10.927299
10.918278
10.909278
10.900301
10.891346
10.882416
10.873505
10.864619
10.855754
10.846912
10.838094
10.829296
10.820520
10.811768
10.803036
10.794327
10.785641
10.776974
10.768330
10.759707
10.751107
10.742526
10.733969
10.725432
10.716916
10.708424
10.699951
10.691497
10.683067
10.674655
10.666266
10.657898
10.649549
10.641221
10.632913
10.624626
10.616360
10.608114
10.599889
10.591682
10.583496
10.575331
10.567184
10.559058
10.550952
10.542865
10.534801
10.526752
10.518724
10.510715
10.502727
10.494759
10.486806
10.478877
10.470964
10.463072
10.455196
10.447343
10.439507
10.431689
10.423890
10.416109
10.408349
10.400604
10.392881
10.385176
10.377486
10.369818
10.362167
10.354534
10.346920
10.339321
10.331744
10.324183
10.316640
10.309114
10.301605
10.294117
10.286645
10.279190
10.271752
10.264333
10.256931
10.249544
10.242177
10.234825
10.227492
10.220178
10.212876
10.205595
10.198328
10.191079
10.183846
10.176632
10.169434
10.162251
10.155087
10.147937
10.140804
10.133690
10.126591
10.119505
10.112439
10.105389
10.098352
10.091333
10.084332
10.077345
10.070376
10.063419
10.056481
10.049557
10.042648
10.035756
10.028880
10.022019
10.015174
10.008345
10.001529
9.994729
9.987946
9.981176
9.974423
9.967685
9.960962
9.954253
9.947561
9.940882
9.934218
9.927570
9.920936
9.914315
9.907711
9.901123
9.894547
9.887986
9.881441
9.874908
9.868392
9.861888
9.855399
9.848925
9.842464
9.836019
9.829586
9.823169
9.816765
9.810375
9.803999
9.797638
9.791289
9.784956
9.778635
9.772327
9.766033
9.759754
9.753489
9.747236
9.740997
9.734771
9.728560
9.722362
9.716176
9.710003
9.703845
9.697698
9.691566
9.685448
9.679340
9.673247
9.667167
9.661098
9.655046
9.649003
9.642974
9.636958
9.630955
9.624964
9.618986
9.613020
9.607067
9.601128
9.595200
9.589284
9.583382
9.577491
9.571612
9.565746
9.559892
9.554051
9.548222
9.542405
9.536599
9.530807
9.525026
9.519256
9.513499
9.507753
9.502021
9.496299
9.490589
9.484893
9.479204
9.473532
9.467869
9.462216
9.456577
9.450950
9.445333
9.439728
9.434134
9.428552
9.422981
9.417422
9.411873
9.406336
9.400809
9.395296
9.389792
9.384300
9.378818
9.373348
9.367888
9.362441
9.357005
9.351578
9.346163
9.340758
9.335363
9.329981
9.324610
9.319247
9.313897
9.308558
9.303227
9.297908
9.292600
9.287301
9.282014
9.276736
9.271470
9.266214
9.260968
9.255733
9.250507
9.245294
9.240088
9.234894
9.229709
9.224535
9.219372
9.214217
9.209074
9.203940
9.198815
9.193702
9.188597
9.183503
9.178420
9.173346
9.168281
9.163226
9.158181
9.153146
9.148119
9.143105
9.138097
9.133101
9.128114
9.123136
9.118168
9.113209
9.108259
9.103320
9.098391
9.093470
9.088556
9.083655
9.078762
9.073877
9.069004
9.064138
9.059284
9.054436
9.049599
9.044769
9.039950
9.035140
9.030338
9.025546
9.020762
9.015987
9.011222
9.006467
9.001718
8.996979
8.992249
8.987527
8.982814
8.978111
8.973416
8.968730
8.964051
8.959382
8.954720
8.950070
8.945425
8.940792
8.936166
8.931547
8.926938
8.922337
8.917745
8.913160
8.908585
8.904017
8.899459
8.894909
8.890366
8.885831
8.881306
8.876787
8.872277
8.867776
8.863283
8.858798
8.854320
8.849852
8.845390
8.840939
8.836492
8.832055
8.827626
8.823205
8.818791
8.814386
8.809989
8.805600
8.801218
8.796844
8.792476
8.788119
8.783768
8.779426
8.775088
8.770761
8.766441
8.762128
8.757823
8.753528
8.749237
8.744954
8.740680
8.736413
8.732153
8.727901
8.723656
8.719418
8.715188
8.710965
8.706750
8.702541
8.698340
8.694149
8.689961
8.685782
8.681610
8.677446
8.673289
8.669138
8.664995
8.660859
8.656732
8.652610
8.648495
8.644388
8.640286
8.636193
8.632106
8.628028
8.623954
8.619888
8.615829
8.611777
8.607732
8.603695
8.599664
8.595639
8.591620
8.587611
8.583606
8.579609
8.575618
8.571634
8.567657
8.563687
8.559723
8.555765
8.551815
8.547871
8.543934
8.540004
8.536079
8.532161
8.528251
8.524345
8.520447
8.516556
8.512670
8.508791
8.504918
8.501053
8.497192
8.493340
8.489493
8.485651
8.481818
8.477989
8.474167
8.470352
8.466543
8.462740
8.458942
8.455153
8.451368
8.447590
8.443817
8.440050
8.436292
8.432537
8.428791
8.425049
8.421314
8.417584
8.413859
8.410142
8.406431
8.402724
8.399026
8.395332
8.391644
8.387962
8.384287
8.380616
8.376953
8.373294
8.369641
8.365995
8.362354
8.358719
8.355088
8.351466
8.347848
8.344236
8.340630
8.337030
8.333434
8.329844
8.326262
8.322683
8.319111
8.315544
8.311982
8.308427
8.304877
8.301333
8.297793
8.294261
8.290732
8.287210
8.283694
8.280183
8.276676
8.273176
8.269680
8.266191
8.262707
8.259228
8.255754
8.252286
8.248823
8.245365
8.241914
8.238466
8.235026
8.231590
8.228159
8.224732
8.221312
8.217897
8.214487
8.211082
8.207684
8.204288
8.200899
8.197515
8.194136
8.190762
8.187392
8.184030
8.180671
8.177318
8.173968
8.170626
8.167287
8.163953
8.160625
8.157302
8.153983
8.150670
8.147361
8.144058
8.140760
8.137465
8.134176
8.130895
8.127615
8.124341
8.121072
8.117808
8.114548
8.111293
8.108045
8.104798
8.101560
8.098323
8.095093
8.091866
8.088646
8.085429
8.082217
8.079011
8.075809
8.072611
8.069419
8.066230
8.063047
8.059868
8.056694
8.053524
8.050358
8.047198
8.044044
8.040893
8.037745
8.034603
8.031466
8.028334
8.025204
8.022079
8.018960
8.015845
8.012735
8.009629
8.006527
8.003430
8.000339
7.997249
7.994166
7.991086
7.988010
7.984941
7.981875
7.978813
7.975755
7.972701
7.969653
7.966608
7.963569
7.960533
7.957501
7.954474
7.951451
7.948431
7.945416
7.942408
7.939402
7.936399
7.933402
7.930408
7.927419
7.924434
7.921453
7.918478
7.915505
7.912537
7.909573
7.906612
7.903657
7.900703
7.897757
7.894813
7.891873
7.888938
7.886007
7.883079
7.880156
7.877237
7.874321
7.871409
7.868503
7.865601
7.862700
7.859805
7.856914
7.854027
7.851143
7.848263
7.845387
7.842515
7.839648
7.836784
7.833924
7.831070
7.828217
7.825368
7.822524
7.819685
7.816847
7.814015
7.811185
7.808361
7.805539
7.802721
7.799907
7.797096
7.794291
7.791489
7.788689
7.785895
7.783103
7.780317
7.777533
7.774753
7.771976
7.769204
7.766437
7.763669
7.760908
7.758150
7.755396
7.752645
7.749898
7.747156
7.744415
7.741680
7.738947
7.736218
7.733492
7.730771
7.728053
7.725339
7.722628
7.719920
7.717216
7.714516
7.711820
7.709126
7.706438
7.703751
7.701068
7.698389
7.695713
7.693041
7.690373
7.687707
7.685046
7.682387
7.679732
7.677080
7.674432
7.671788
7.669146
7.666508
7.663875
7.661243
7.658616
7.655991
7.653370
7.650753
7.648138
7.645527
7.642920
7.640316
7.637715
7.635117
7.632523
7.629932
7.627345
7.624760
7.622178
7.619601
7.617027
7.614457
7.611888
7.609322
7.606761
7.604203
7.601647
7.599095
7.596547
7.594001
7.591460
7.588921
7.586384
7.583851
7.581322
7.578795
7.576272
7.573752
7.571236
7.568722
7.566210
7.563704
7.561198
7.558697
7.556199
7.553703
7.551212
7.548723
7.546237
7.543754
7.541274
7.538798
7.536324
7.533853
7.531386
7.528922
7.526460
7.524002
7.521546
7.519094
7.516644
7.514197
7.511755
7.509315
7.506877
7.504442
7.502011
7.499582
7.497156
7.494733
7.492314
7.489898
7.487484
7.485072
7.482665
7.480261
7.477858
7.475458
7.473062
7.470668
7.468277
7.465891
7.463505
7.461122
7.458744
7.456367
7.453994
7.451622
7.449255
7.446891
7.444528
7.442168
7.439813
7.437459
7.435107
7.432760
7.430414
7.428072
7.425732
7.423395
7.421060
7.418729
7.416400
7.414075
7.411750
7.409430
7.407113
7.404798
7.402486
7.400176
7.397869
7.395564
7.393262
7.390964
7.388668
7.386375
7.384084
7.381796
7.379511
7.377228
7.374947
7.372671
7.370396
7.368123
7.365853
7.363587
7.361322
7.359061
7.356802
7.354546
7.352291
7.350040
7.347792
7.345545
7.343301
7.341063
7.338823
7.336587
7.334355
7.332124
7.329895
7.327670
7.325447
7.323227
7.321009
7.318794
7.316581
7.314370
7.312162
7.309958
7.307755
7.305554
7.303356
7.301161
7.298968
7.296779
7.294590
7.292405
7.290221
7.288041
7.285864
7.283688
7.281515
7.279344
7.277176
7.275010
7.272846
7.270686
7.268527
7.266371
7.264216
7.262066
7.259916
7.257771
7.255626
7.253485
7.251345
7.249208
7.247075
7.244942
7.242811
7.240684
7.238559
7.236436
7.234316
7.232198
7.230082
7.227969
7.225859
7.223750
7.221642
7.219539
7.217436
7.215338
7.213241
7.211145
7.209053
7.206961
7.204873
7.202787
7.200704
7.198623
7.196544
7.194468
7.192393
7.190320
7.188250
7.186182
7.184117
7.182054
7.179994
7.177934
7.175878
7.173823
7.171772
7.169722
7.167675
7.165628
7.163584
7.161543
7.159504
7.157468
7.155434
7.153402
7.151372
7.149343
7.147318
7.145294
7.143272
7.141253
7.139235
7.137221
7.135208
7.133197
7.131189
7.129181
7.127177
7.125175
7.123175
7.121177
7.119181
7.117186
7.115196
7.113206
7.111219
7.109233
7.107249
7.105269
7.103289
7.101312
7.099338
7.097364
7.095393
7.093424
7.091457
7.089493
7.087530
7.085570
7.083611
7.081655
7.079700
7.077748
7.075799
7.073850
7.071904
7.069958
7.068016
7.066075
7.064136
7.062201
7.060266
7.058335
7.056405
7.054476
7.052550
7.050624
7.048703
7.046782
7.044865
7.042948
7.041033
7.039121
7.037211
7.035302
7.033395
7.031490
7.029586
7.027687
7.025788
7.023890
7.021996
7.020103
7.018212
7.016322
7.014436
7.012550
7.010666
7.008784
7.006905
7.005028
7.003151
7.001277
6.999404
6.997535
6.995666
6.993799
6.991935
6.990072
6.988212
6.986352
6.984496
6.982640
6.980787
6.978935
6.977086
6.975237
6.973391
6.971547
6.969705
6.967865
6.966025
6.964189
6.962354
6.960520
6.958689
6.956859
6.955031
6.953207
6.951382
6.949559
6.947738
6.945919
6.944104
6.942288
6.940474
6.938663
6.936853
6.935045
6.933238
6.931435
6.929631
6.927831
6.926031
6.924234
6.922438
6.920645
6.918852
6.917061
6.915273
6.913487
6.911701
6.909917
6.908135
6.906356
6.904577
6.902801
6.901026
6.899253
6.897481
6.895711
6.893943
6.892177
6.890413
6.888650
6.886889
6.885128
6.883371
6.881614
6.879861
6.878108
6.876357
6.874608
6.872859
6.871114
6.869370
6.867626
6.865885
6.864146
6.862409
6.860673
6.858938
6.857205
6.855474
6.853745
6.852017
6.850291
6.848566
6.846844
6.845122
6.843402
6.841684
6.839968
6.838254
6.836540
6.834829
6.833118
6.831410
6.829703
6.827999
6.826295
6.824593
6.822892
6.821194
6.819497
6.817801
6.816108
6.814415
6.812725
6.811035
6.809348
6.807662
6.805976
6.804294
6.802613
6.800933
6.799254
6.797578
6.795903
6.794230
6.792557
6.790886
6.789218
6.787551
6.785885
6.784221
6.782557
6.780896
6.779236
6.777579
6.775921
6.774267
6.772614
6.770961
6.769310
6.767661
6.766014
6.764366
6.762723
6.761080
6.759439
6.757799
6.756159
6.754522
6.752887
6.751253
6.749619
6.747988
6.746359
6.744730
6.743105
6.741478
6.739856
6.738234
6.736613
6.734993
6.733375
6.731759
6.730144
6.728529
6.726918
6.725308
6.723699
6.722090
6.720484
6.718880
6.717277
6.715673
6.714074
6.712475
6.710877
6.709281
6.707687
6.706093
6.704501
6.702910
6.701320
6.699733
6.698146
6.696561
6.694979
6.693395
6.691816
6.690237
6.688659
6.687083
6.685507
6.683933
6.682362
6.680790
6.679221
6.677653
6.676086
6.674521
6.672957
6.671395
6.669833
6.668273
6.666713
6.665156
6.663601
6.662047
6.660494
6.658942
6.657392
6.655842
6.654295
6.652750
6.651205
6.649661
6.648118
6.646577
6.645037
6.643499
6.641963
6.640427
6.638893
6.637360
6.635828
6.634298
6.632770
6.631241
6.629716
6.628190
6.626666
6.625144
6.623623
6.622104
6.620585
6.619067
6.617551
6.616037
6.614523
6.613012
6.611502
6.609992
6.608484
6.606977
6.605471
6.603968
6.602465
6.600963
6.599462
6.597963
6.596467
6.594969
6.593473
6.591980
6.590488
6.588995
6.587506
6.586015
6.584529
6.583042
6.581558
6.580073
6.578590
6.577109
6.575629
6.574150
6.572672
6.571196
6.569721
6.568247
6.566774
6.565302
6.563833
6.562363
6.560895
6.559429
6.557963
6.556499
6.555037
6.553574
6.552114
6.550656
6.549197
6.547740
6.546285
6.544829
6.543377
6.541925
6.540475
6.539025
6.537576
6.536130
6.534683
6.533238
6.531796
6.530353
6.528912
6.527471
6.526032
6.524595
6.523159
6.521722
6.520290
6.518856
6.517425
6.515993
6.514565
6.513136
6.511710
6.510283
6.508858
6.507435
6.506013
6.504591
6.503171
6.501753
6.500334
6.498918
6.497503
6.496088
6.494676
6.493263
6.491853
6.490443
6.489033
6.487626
6.486221
6.484816
6.483412
6.482009
6.480607
6.479207
6.477807
6.476408
6.475011
6.473616
6.472219
6.470827
6.469433
6.468041
6.466651
6.465262
6.463874
6.462486
6.461100
6.459715
6.458332
6.456949
6.455567
6.454186
6.452807
6.451428
6.450051
6.448676
6.447301
6.445925
6.444553
6.443182
6.441811
6.440441
6.439073
6.437705
6.436339
6.434973
6.433610
6.432246
6.430884
6.429523
6.428163
6.426805
6.425448
6.424090
6.422736
6.421381
6.420026
6.418674
6.417323
6.415972
6.414623
6.413275
6.411928
6.410583
6.409236
6.407894
6.406550
6.405207
6.403869
6.402527
6.401189
6.399851
6.398514
6.397178
6.395844
6.394511
6.393178
6.391846
6.390517
6.389186
6.387858
6.386530
6.385204
6.383879
6.382555
6.381231
6.379909
6.378587
6.377268
6.375949
6.374630
6.373313
6.371997
6.370681
6.369368
6.368054
6.366742
6.365432
6.364121
6.362812
6.361504
6.360196
6.358890
6.357584
6.356281
6.354977
6.353676
6.352374
6.351075
6.349775
6.348476
6.347179
6.345881
6.344587
6.343293
6.342000
6.340707
6.339416
6.338126
6.336837
6.335549
6.334261
6.332974
6.331689
6.330405
6.329121
6.327838
6.326557
6.325276
6.323997
6.322718
6.321441
6.320164
6.318887
6.317612
6.316339
6.315066
6.313794
6.312523
6.311252
6.309983
6.308716
6.307448
6.306181
6.304915
6.303651
6.302387
6.301125
6.299863
6.298603
6.297344
6.296084
6.294826
6.293569
6.292313
6.291058
6.289804
6.288551
6.287299
6.286047
6.284796
6.283547
6.282298
6.281050
6.279803
6.278557
6.277312
6.276068
6.274826
6.273582
6.272342
6.271100
6.269861
6.268623
6.267386
6.266147
6.264913
6.263677
6.262443
6.261210
6.259978
6.258747
6.257515
6.256285
6.255057
6.253829
6.252603
6.251376
6.250151
6.248928
6.247703
6.246479
6.245259
6.244038
6.242817
6.241600
6.240381
6.239164
6.237947
6.236732
6.235516
6.234304
6.233090
6.231878
6.230667
6.229457
6.228249
6.227039
6.225832
6.224625
6.223419
6.222214
6.221010
6.219806
6.218604
6.217402
6.216202
6.215002
6.213802
6.212604
6.211408
6.210210
6.209015
6.207819
6.206625
6.205431
6.204239
6.203049
6.201859
6.200669
6.199480
6.198292
6.197104
6.195919
6.194732
6.193547
6.192364
6.191180
6.189999
6.188817
6.187636
6.186457
6.185277
6.184101
6.182923
6.181746
6.180570
6.179396
6.178221
6.177050
6.175876
6.174705
6.173534
6.172365
6.171195
6.170026
6.168859
6.167693
6.166528
6.165362
6.164197
6.163035
6.161871
6.160710
6.159550
6.158390
6.157230
6.156072
6.154914
6.153758
6.152601
6.151446
6.150291
6.149137
6.147984
6.146832
6.145681
6.144530
6.143381
6.142231
6.141084
6.139936
6.138790
6.137643
6.136499
6.135354
6.134211
6.133070
6.131927
6.130785
6.129645
6.128506
6.127367
6.126228
6.125092
6.123955
6.122819
6.121685
6.120550
6.119417
6.118285
6.117153
6.116022
6.114893
6.113761
6.112634
6.111505
6.110379
6.109251
6.108127
6.107001
6.105878
6.104754
6.103631
6.102509
6.101388
6.100268
6.099148
6.098029
6.096911
6.095794
6.094677
6.093561
6.092445
6.091332
6.090219
6.089105
6.087993
6.086881
6.085772
6.084662
6.083552
6.082444
6.081336
6.080229
6.079123
6.078018
6.076913
6.075809
6.074706
6.073604
6.072503
6.071400
6.070301
6.069201
6.068101
6.067004
6.065907
6.064810
6.063715
6.062618
6.061524
6.060431
6.059338
6.058245
6.057154
6.056062
6.054972
6.053883
6.052794
6.051707
6.050619
6.049533
6.048447
6.047361
6.046278
6.045193
6.044110
6.043028
6.041946
6.040865
6.039786
6.038706
6.037627
6.036549
6.035471
6.034395
6.033319
6.032244
6.031168
6.030094
6.029022
6.027949
6.026878
6.025807
6.024736
6.023666
6.022597
6.021528
6.020462
6.019395
6.018329
6.017264
6.016199
6.015134
6.014071
6.013008
6.011946
6.010883
6.009824
6.008763
6.007703
6.006645
6.005588
6.004530
6.003473
6.002417
6.001362
6.000308
5.999254
5.998200
5.997148
5.996097
5.995044
5.993994
5.992943
5.991894
5.990846
5.989798
5.988751
5.987704
5.986658
5.985614
5.984569
5.983524
5.982481
5.981439
5.980398
5.979355
5.978315
5.977275
5.976236
5.975197
5.974160
5.973123
5.972085
5.971050
5.970015
5.968980
5.967945
5.966913
5.965880
5.964847
5.963816
5.962786
5.961755
5.960725
5.959697
5.958669
5.957641
5.956615
5.955589
5.954563
5.953538
5.952513
5.951489
5.950467
5.949445
5.948423
5.947402
5.946382
5.945361
5.944342
5.943323
5.942306
5.941288
5.940272
5.939256
5.938240
5.937226
5.936212
5.935198
5.934185
5.933173
5.932161
5.931149
5.930140
5.929131
5.928121
5.927112
5.926104
5.925097
5.924090
5.923085
5.922079
5.921074
5.920069
5.919066
5.918063
5.917062
5.916060
5.915058
